1.528 3.517 1
0.324 3.331 1
0.466 3.137 1
-1.359 2.682 1
-0.243 2.579 1
1.779 2.756 1
0.449 2.570 1
0.106 2.242 1
-0.976 4.137 1
0.098 4.386 1
0.783 2.587 1
-0.785 3.086 1
0.259 3.952 1
-0.354 3.139 1
-0.271 2.363 1
-0.117 2.430 1
-0.692 2.050 1
1.702 2.601 1
1.498 3.542 1
0.067 2.267 1
0.362 1.927 1
-0.301 1.487 1
0.110 5.384 1
-1.272 4.136 1
0.524 1.695 1
-0.406 2.493 1
-0.304 2.889 1
-0.145 3.962 1
-0.108 2.604 1
0.649 2.352 1
0.851 4.584 1
-0.187 2.333 1
-0.159 3.346 1
0.670 2.819 1
1.448 1.171 1
-2.193 2.454 1
0.924 1.579 1
-0.733 3.321 1
0.732 1.569 1
-1.727 4.032 1
-0.587 3.428 1
-0.336 2.171 1
-0.245 1.065 1
-0.010 4.597 1
-0.790 2.719 1
-0.898 4.762 1
0.521 4.304 1
1.928 3.797 1
-0.887 0.841 1
-1.035 1.215 1
-0.746 1.380 1
0.499 2.789 1
0.284 3.065 1
1.757 4.081 1
1.288 2.363 1
0.028 3.005 1
-1.189 2.635 1
0.591 2.274 1
-1.251 2.507 1
1.216 4.249 1
0.792 3.703 1
0.029 4.445 1
-1.645 3.910 1
0.603 2.525 1
-0.455 3.932 1
-0.068 3.240 1
-0.617 3.827 1
-0.603 3.788 1
1.237 1.405 1
-0.567 1.884 1
0.317 3.418 1
-0.191 2.352 1
-0.926 1.435 1
-2.200 4.763 1
-0.616 3.108 1
-0.994 3.367 1
1.622 4.100 1
1.939 1.412 1
1.793 4.419 1
0.412 1.370 1
-0.141 4.049 1
1.004 3.093 1
0.193 3.400 1
-0.212 2.997 1
-0.965 3.447 1
3.003 2.413 1
-1.599 1.204 1
1.561 3.244 1
0.473 3.397 1
-0.313 4.076 1
0.208 3.538 1
-0.393 2.946 1
0.268 3.734 1
-0.154 2.758 1
2.439 2.512 1
-2.125 1.152 1
-0.869 3.575 1
0.221 2.236 1
-0.089 4.267 1
1.105 2.146 1
-1.293 3.412 1
-1.918 2.649 1
0.633 3.699 1
1.555 1.359 1
0.473 3.270 1
-0.109 2.964 1
1.541 1.749 1
0.671 1.788 1
1.257 2.682 1
-0.932 1.780 1
0.951 3.785 1
1.738 1.875 1
-0.305 1.493 1
-2.177 5.001 1
-0.899 3.838 1
-1.009 2.802 1
-0.257 1.529 1
-0.098 4.230 1
0.222 1.655 1
-1.039 2.802 1
-0.606 1.674 1
0.180 2.258 1
0.735 3.067 1
0.194 2.814 1
1.645 3.797 1
-0.388 1.989 1
0.559 1.670 1
0.613 4.050 1
-1.777 1.794 1
-1.042 2.724 1
0.396 3.781 1
0.554 2.070 1
0.948 2.913 1
0.383 3.421 1
0.477 2.154 1
0.412 3.421 1
0.425 3.667 1
0.003 1.973 1
-0.299 2.122 1
-0.309 3.654 1
-0.804 1.445 1
-1.047 3.103 1
1.235 2.932 1
0.968 3.013 1
0.109 2.308 1
0.348 2.853 1
-0.125 2.923 1
-1.667 2.016 1
0.234 3.496 1
-0.008 4.196 1
-2.404 3.109 1
0.219 3.890 1
-0.846 2.854 1
-0.773 3.269 1
-0.571 2.239 1
-0.097 2.981 1
-0.090 2.068 1
-0.069 4.248 1
1.790 3.490 1
1.547 2.719 1
0.364 2.209 1
0.633 0.120 1
-0.197 2.596 1
0.523 3.989 1
-1.846 2.935 1
-0.099 1.947 1
0.187 3.162 1
0.287 3.046 1
0.768 3.088 1
0.992 1.909 1
1.545 1.583 1
0.010 3.182 1
-0.449 3.702 1
1.675 5.348 1
-0.676 3.782 1
-1.020 3.371 1
-1.045 1.372 1
-0.821 3.294 1
-0.826 3.630 1
0.034 3.952 1
0.960 2.384 1
-1.165 2.984 1
1.085 5.365 1
-0.163 3.723 1
-0.850 2.403 1
0.213 3.104 1
-0.019 2.416 1
-0.186 3.316 1
-0.023 3.920 1
-1.771 1.913 1
-1.138 2.141 1
1.062 4.482 1
0.337 2.083 1
0.228 2.907 1
-0.573 3.951 1
-0.276 3.813 1
-0.309 3.657 1
0.315 1.977 1
-0.073 2.302 1
-0.528 2.559 1
-0.722 1.541 1
-0.474 2.516 1
0.365 2.712 1
1.072 2.381 1
0.080 2.328 1
0.786 2.589 1
-0.264 4.725 1
-2.038 3.327 1
-0.552 4.923 1
0.332 3.345 1
0.574 3.933 1
-1.498 2.701 1
1.552 3.304 1
-0.889 1.775 1
-0.055 3.259 1
0.799 3.057 1
-1.367 2.492 1
-1.803 3.368 1
-2.139 2.891 1
0.815 2.384 1
-0.229 4.311 1
-0.845 2.804 1
0.865 2.996 1
-0.540 3.162 1
-0.370 2.108 1
0.320 4.457 1
-0.319 2.588 1
0.367 4.625 1
0.650 3.374 1
1.752 4.317 1
0.558 3.621 1
1.456 4.220 1
-0.430 1.782 1
0.868 2.946 1
-0.701 4.198 1
-0.320 2.623 1
-2.528 3.285 1
-1.049 3.912 1
-0.811 2.935 1
0.830 4.539 1
-0.387 1.887 1
-1.754 3.339 1
-0.581 3.531 1
-0.082 4.224 1
-0.280 3.439 1
-0.512 4.057 1
0.860 2.136 1
-0.557 2.887 1
-1.670 2.321 1
-1.987 2.593 1
1.654 2.832 1
-1.272 3.193 1
0.630 4.060 1
-1.012 1.880 1
-1.188 1.498 1
-1.739 2.682 1
-0.152 4.750 1
1.099 3.119 1
0.571 2.297 1
-0.552 2.817 1
1.599 2.858 1
0.675 4.550 1
0.247 2.446 1
1.218 2.479 1
-0.160 2.910 1
1.045 3.646 1
-0.588 2.170 1
-0.734 2.278 1
-0.507 2.115 1
-0.889 4.591 1
-0.084 1.757 1
0.098 1.634 1
1.639 3.186 1
-0.196 3.842 1
-0.563 5.048 1
0.908 4.126 1
0.797 1.984 1
-0.754 4.372 1
0.289 3.038 1
-0.661 2.630 1
-0.703 2.834 1
0.445 3.517 1
0.334 3.790 1
-0.687 1.863 1
0.415 2.644 1
-0.393 1.463 1
0.551 3.730 1
1.923 1.902 1
0.667 2.485 1
1.173 2.534 1
-0.389 1.979 1
0.102 3.957 1
-0.374 2.696 1
1.250 2.851 1
0.442 3.352 1
-0.890 1.443 1
0.305 2.558 1
1.439 2.377 1
0.928 2.241 1
1.436 4.803 1
1.218 3.870 1
-2.345 1.705 1
0.005 6.063 1
0.369 4.219 1
0.312 2.739 1
-0.602 3.467 1
-1.086 2.161 1
0.053 3.178 1
-0.289 2.478 1
-1.600 3.124 1
-0.149 3.663 1
-0.579 1.752 1
-0.613 2.272 1
-0.218 3.265 1
-0.775 2.279 1
0.292 0.992 1
-0.114 3.090 1
1.110 4.709 1
-1.378 2.871 1
0.307 3.496 1
0.416 2.260 1
0.104 3.960 1
-0.561 3.559 1
0.863 2.148 1
0.486 1.098 1
0.316 1.459 1
-0.017 3.725 1
-1.186 5.513 1
-0.400 3.860 1
0.047 2.930 1
-1.053 4.472 1
-0.068 2.753 1
0.776 2.274 1
-0.062 2.506 1
1.441 3.244 1
1.444 3.171 1
-0.507 2.766 1
-0.485 4.180 1
-0.840 4.379 1
-0.239 3.873 1
-0.172 2.256 1
-0.190 3.181 1
-0.198 2.845 1
1.920 2.329 1
-0.079 2.411 1
1.252 1.305 1
-0.392 4.064 1
-1.365 4.560 1
-0.461 4.218 1
0.216 2.348 1
0.930 0.967 1
-0.002 3.687 1
0.490 3.203 1
0.945 2.862 1
-1.207 1.387 1
0.397 4.227 1
-0.532 2.417 1
-0.911 3.486 1
0.658 2.548 1
-1.771 4.403 1
-1.146 2.261 1
2.231 1.675 1
-0.175 2.671 1
-0.142 3.889 1
-1.010 2.336 1
1.053 3.527 1
1.519 2.481 1
0.851 3.631 1
-0.258 2.839 1
1.438 0.360 1
0.542 3.078 1
-1.257 3.876 1
2.557 3.127 1
-0.577 3.411 1
-1.179 3.094 1
-1.303 1.707 1
-0.216 2.791 1
-1.631 0.677 1
-1.420 3.089 1
0.632 3.691 1
0.064 4.214 1
-1.361 3.745 1
2.092 2.301 1
1.930 3.559 1
1.173 2.913 1
0.545 3.260 1
-1.599 2.707 1
-0.167 2.582 1
0.281 1.570 1
-0.919 2.539 1
1.907 2.591 1
1.596 4.164 1
3.185 3.743 1
-0.889 2.544 1
-0.058 3.311 1
-0.293 2.856 1
0.304 3.472 1
0.721 1.648 1
0.165 2.829 1
1.341 2.749 1
1.802 3.138 1
1.764 3.527 1
2.522 4.389 1
1.026 1.910 1
0.283 3.145 1
-0.595 5.044 1
-2.650 2.204 1
-2.196 2.080 1
-0.024 1.619 1
-1.074 3.062 1
0.092 1.896 1
-0.766 1.986 1
-2.576 4.182 1
-1.043 2.743 1
0.555 2.844 1
-0.750 4.143 1
-1.769 2.961 1
-1.470 3.728 1
0.326 2.544 1
-0.183 2.629 1
1.589 4.197 1
-0.660 2.578 1
-1.136 2.295 1
2.201 4.705 1
1.005 2.417 1
0.780 1.980 1
-0.859 2.020 1
-0.008 2.230 1
-1.165 3.143 1
1.414 2.725 1
-0.576 3.552 1
0.588 1.704 1
0.277 2.353 1
0.537 1.881 1
-0.030 3.153 1
-2.108 1.742 1
-0.098 4.073 1
1.266 3.002 1
-0.783 3.106 1
0.068 3.795 1
0.843 4.139 1
0.210 4.352 1
0.548 3.155 1
-0.017 3.019 1
-0.232 3.770 1
0.678 2.298 1
-0.215 1.409 1
-0.462 2.301 1
-0.042 4.998 1
0.213 3.073 1
-1.124 4.627 1
-0.240 1.479 1
-0.698 2.086 1
-0.649 2.325 1
-1.846 1.083 1
1.296 2.406 1
-0.147 2.852 1
-0.641 3.586 1
1.542 2.284 1
0.271 3.409 1
0.747 3.457 1
-0.256 2.409 1
-1.738 3.672 1
-0.721 3.595 1
0.943 1.750 1
0.186 3.596 1
1.295 3.673 1
-0.468 3.634 1
0.067 2.372 1
-0.855 1.871 1
0.536 3.941 1
-1.146 2.955 1
1.482 3.560 1
0.644 2.799 1
1.253 2.998 1
-1.249 1.882 1
2.035 3.042 1
-0.076 2.838 1
0.121 1.694 1
1.311 1.924 1
0.075 2.790 1
1.838 3.511 1
0.027 2.673 1
0.969 3.708 1
-0.249 3.317 1
-0.587 2.626 1
0.202 3.448 1
0.425 3.963 1
3.018 1.938 1
2.118 2.973 1
1.715 4.458 1
-1.567 3.209 1
-0.154 1.722 1
-1.381 1.283 1
0.282 2.941 1
0.782 3.941 1
0.766 2.325 1
0.174 2.518 1
-0.766 2.618 1
-1.269 3.055 1
1.656 2.078 1
-2.731 2.796 1
0.482 2.223 1
-0.203 2.254 1
-0.783 2.660 1
-1.012 4.735 1
-1.132 4.015 1
-1.517 5.139 1
1.384 3.192 1
0.067 2.198 1
0.713 3.299 1
-0.019 4.354 1
0.829 3.141 1
0.933 3.145 1
-0.125 2.080 1
-0.009 1.865 1
1.597 2.325 1
1.668 1.578 1
-1.334 2.520 1
0.643 3.383 1
0.203 3.448 1
-1.057 2.453 1
-0.143 3.078 1
1.223 4.046 1
-1.054 3.524 1
0.341 0.933 1
0.197 2.630 1
0.758 4.660 1
-0.326 3.034 1
0.039 2.757 1
0.786 3.557 1
2.155 4.817 1
-0.298 2.334 1
0.802 4.157 1
-0.502 2.854 1
-0.914 2.523 1
-0.116 2.667 1
-1.047 2.671 1
-0.615 2.199 1
0.043 3.881 1
0.936 3.689 1
0.262 3.967 1
-0.203 3.970 1
0.948 1.772 1
0.406 1.631 1
0.100 1.869 1
0.086 1.581 1
1.471 3.036 1
-1.097 0.854 1
1.512 4.735 1
-0.592 2.975 1
1.319 3.813 1
-1.009 2.618 1
-0.486 2.584 1
0.234 3.223 1
1.842 2.419 1
0.312 4.217 1
-1.210 4.063 1
-0.474 3.776 1
-0.294 1.711 1
-0.791 2.182 1
-1.002 2.644 1
0.809 3.743 1
-1.142 2.123 1
-0.580 3.735 1
-0.117 0.915 1
1.583 3.746 1
-0.514 2.931 1
1.756 2.157 1
-0.181 3.426 1
1.016 3.289 1
-0.767 1.946 1
0.054 3.452 1
-0.120 3.236 1
-0.822 2.514 1
2.371 2.859 1
1.158 4.346 1
0.445 2.925 1
-0.461 2.793 1
1.205 0.816 1
-0.379 2.945 1
-0.687 3.157 1
0.372 3.296 1
-0.717 2.181 1
-2.098 1.814 1
1.377 3.283 1
0.957 2.833 1
-1.528 2.124 1
0.045 3.015 1
-0.574 2.884 1
0.550 2.360 1
0.225 2.148 1
1.088 3.151 1
0.106 4.440 1
1.378 4.902 1
1.877 2.741 1
-0.668 3.021 1
-0.797 2.728 1
-0.374 4.886 1
0.731 2.622 1
-1.415 3.385 1
0.568 3.300 1
-0.849 2.907 1
-1.386 2.722 1
-0.521 3.611 1
0.117 2.715 1
-0.263 2.653 1
-0.869 5.114 1
-2.387 1.669 1
-1.132 2.169 1
-0.335 2.826 1
1.584 4.782 1
1.122 3.313 1
-0.439 3.651 1
-1.435 2.331 1
1.700 3.527 1
-0.395 4.347 1
2.050 2.002 1
0.160 3.382 1
2.025 1.060 1
-0.884 1.439 1
1.000 0.679 1
0.347 3.026 1
0.467 2.269 1
-0.990 2.777 1
-0.661 3.065 1
1.124 3.697 1
-0.087 3.482 1
0.826 3.315 1
0.227 3.043 1
1.232 -0.180 1
-1.713 2.856 1
1.014 3.983 1
-0.642 3.182 1
0.173 3.550 1
-1.902 1.627 1
0.574 2.887 1
-1.178 3.307 1
-0.226 3.862 1
0.163 1.963 1
-0.739 4.592 1
0.407 4.576 1
-1.062 4.067 1
-1.772 2.720 1
1.400 2.720 1
0.033 4.941 1
-0.010 0.851 1
0.062 2.852 1
-1.703 1.635 1
0.802 5.080 1
-1.013 2.598 1
1.086 2.629 1
1.259 4.072 1
-0.356 1.862 1
0.165 1.373 1
1.161 4.928 1
0.426 4.459 1
1.136 1.934 1
0.385 4.695 1
0.836 -0.034 1
0.213 3.598 1
-1.532 1.397 1
0.351 2.930 1
-1.913 2.769 1
0.008 3.241 1
0.242 1.470 1
-1.518 3.074 1
0.417 3.353 1
0.412 1.843 1
1.808 4.163 1
-0.702 2.779 1
0.313 2.775 1
-0.672 2.974 1
2.129 2.796 1
0.951 3.197 1
1.506 3.862 1
0.397 2.892 1
1.493 2.406 1
-0.594 4.241 1
0.050 3.213 1
0.252 1.353 1
-1.827 3.949 1
0.632 2.157 1
0.242 3.171 1
1.480 1.214 1
-0.830 3.482 1
1.035 4.947 1
0.146 1.964 1
-0.150 2.599 1
1.544 0.769 1
2.607 2.298 1
0.212 2.889 1
-2.044 4.069 1
-0.069 3.503 1
0.472 3.678 1
0.706 4.026 1
-0.636 1.110 1
0.183 2.972 1
1.332 2.100 1
-0.697 1.924 1
0.504 5.844 1
-1.174 2.411 1
0.052 3.906 1
-0.778 2.128 1
0.195 4.873 1
0.413 1.814 1
-0.324 3.665 1
-0.536 1.637 1
-1.263 2.343 1
-0.852 1.999 1
-0.129 3.368 1
0.054 3.083 1
-0.958 3.254 1
-0.015 2.006 1
0.047 3.164 1
1.380 3.245 1
0.503 1.038 1
0.083 1.540 1
-1.600 3.840 1
-0.100 1.123 1
0.550 2.555 1
0.186 2.344 1
-0.331 1.716 1
-0.203 2.866 1
1.572 4.043 1
0.908 1.113 1
0.076 4.738 1
-2.846 2.538 1
-2.484 2.374 1
-0.782 3.209 1
-0.376 2.059 1
-0.433 3.671 1
0.810 1.892 1
-0.360 3.034 1
-0.622 3.180 1
0.599 3.269 1
0.082 4.133 1
-0.456 2.441 1
-2.283 1.855 1
0.678 2.403 1
-0.454 5.192 1
-0.382 2.680 1
-0.191 3.472 1
-0.004 3.640 1
-0.409 2.614 1
1.356 2.885 1
0.460 4.249 1
-0.066 1.758 1
0.171 3.190 1
1.378 1.808 1
-2.288 2.094 1
0.389 1.899 1
-0.060 3.332 1
-0.058 4.007 1
0.477 4.102 1
0.957 3.147 1
0.408 3.596 1
-1.098 1.599 1
0.102 3.598 1
-0.455 1.642 1
-0.606 2.411 1
0.194 2.613 1
-1.531 1.784 1
-1.854 2.879 1
-0.273 3.103 1
-0.984 3.818 1
0.952 3.336 1
0.594 4.913 1
-1.990 3.984 1
1.615 5.335 1
-1.357 2.675 1
-0.091 1.088 1
1.456 2.773 1
1.214 2.467 1
1.122 1.507 1
-1.083 3.222 1
-1.332 3.090 1
-2.693 2.674 1
1.870 3.304 1
-0.428 3.472 1
-1.236 3.422 1
-1.311 2.722 1
1.125 1.464 1
0.766 2.853 1
-2.169 1.567 1
-1.654 1.775 1
0.237 3.397 1
0.082 1.033 1
1.415 2.698 1
0.600 3.667 1
-0.701 3.462 1
1.607 1.639 1
0.722 3.415 1
-0.615 3.627 1
-0.644 2.225 1
0.049 4.342 1
0.102 2.158 1
1.577 3.175 1
-0.401 4.284 1
0.713 3.175 1
-0.080 3.323 1
-0.427 1.740 1
-1.072 2.128 1
-0.053 3.909 1
2.785 3.425 1
-0.817 2.409 1
1.136 3.261 1
-0.080 2.744 1
0.987 2.339 1
-0.109 1.608 1
2.367 2.993 1
-1.153 1.586 1
1.630 4.236 1
0.154 4.418 1
-0.054 3.606 1
-0.238 3.673 1
1.263 0.383 1
-0.661 1.658 1
-1.769 3.389 1
-1.229 2.639 1
1.161 4.288 1
-0.168 4.895 1
-0.496 2.418 1
-0.048 2.623 1
-1.132 3.008 1
1.035 2.235 1
-0.153 2.757 1
-0.454 3.898 1
-0.060 2.012 1
2.030 2.882 1
2.340 4.738 1
0.292 3.307 1
1.353 2.112 1
1.027 2.907 1
-0.662 2.890 1
-0.040 3.387 1
-0.696 3.004 1
0.829 3.979 1
1.221 4.175 1
-0.290 3.288 1
0.447 3.927 1
0.240 3.524 1
-0.558 4.877 1
1.449 1.927 1
-0.823 3.335 1
0.278 2.851 1
0.367 4.668 1
-0.762 2.785 1
-0.494 3.570 1
0.209 3.464 1
-1.427 3.477 1
1.095 2.322 1
-1.018 2.466 1
0.906 4.281 1
0.561 4.020 1
-0.371 2.724 1
0.019 1.724 1
1.025 1.389 1
-0.057 4.091 1
1.193 3.974 1
0.173 3.125 1
0.403 2.423 1
0.621 3.280 1
-0.625 3.574 1
0.425 3.256 1
0.306 4.570 1
0.818 3.891 1
0.520 3.373 1
1.417 3.597 1
-1.465 2.013 1
0.468 2.134 1
-0.973 1.281 1
-1.433 2.701 1
-1.737 4.065 1
-0.149 3.080 1
2.156 1.907 1
0.533 1.150 1
-1.135 1.021 1
-0.535 1.582 1
0.560 2.409 1
0.280 2.775 1
0.097 3.177 1
-0.637 2.082 1
0.937 1.691 1
0.572 4.919 1
-0.085 4.247 1
0.983 2.540 1
-0.296 4.493 1
0.933 4.190 1
0.102 4.466 1
0.204 1.925 1
-2.165 2.249 1
-0.804 3.225 1
-1.394 3.602 1
-1.027 3.333 1
-0.051 1.264 1
0.061 2.409 1
-0.354 3.355 1
-0.372 3.678 1
0.132 3.149 1
0.585 0.458 1
-0.520 1.607 1
-1.395 1.541 1
-1.500 3.800 1
-0.239 3.079 1
1.821 2.850 1
1.285 2.606 1
0.061 3.314 1
-0.959 3.029 1
1.476 2.763 1
-0.584 3.120 1
0.423 3.482 1
-0.486 3.009 1
-0.175 4.144 1
-0.042 2.641 1
0.798 3.388 1
0.689 4.494 1
0.581 1.548 1
-0.398 1.699 1
0.794 1.639 1
-0.413 4.197 1
-1.521 2.053 1
-1.200 2.113 1
0.920 5.492 1
-1.114 3.477 1
-0.840 2.488 1
-0.443 4.444 1
-0.051 2.797 1
-0.379 5.752 1
1.200 2.446 1
1.665 3.782 1
0.113 3.135 1
-0.766 3.405 1
-0.475 3.633 1
-0.317 4.254 1
-0.664 4.038 1
0.125 3.478 1
-1.495 3.927 1
-0.044 2.489 1
-0.272 4.132 1
1.899 2.086 1
-0.004 2.629 1
-0.850 3.560 1
0.967 3.244 1
1.954 2.789 1
-0.272 3.781 1
0.701 2.812 1
-0.114 3.259 1
0.231 3.386 1
-0.631 5.147 1
0.830 3.363 1
-2.263 5.027 1
-0.626 4.360 1
-0.152 4.528 1
0.295 3.996 1
-1.315 3.221 1
0.033 3.337 1
2.305 1.995 1
-0.044 2.492 1
-0.573 1.119 1
0.408 1.920 1
-0.474 3.898 1
-1.136 2.285 1
-1.575 3.602 1
-0.378 1.958 1
0.269 1.811 1
0.622 1.835 1
-0.890 3.541 1
0.609 3.039 1
0.209 3.004 1
0.199 2.921 1
-0.266 2.861 1
-1.040 1.594 1
0.743 4.295 1
0.120 3.765 1
-2.360 2.314 1
-0.714 2.818 1
0.829 4.000 1
0.347 2.337 1
-0.124 4.352 1
0.116 2.698 1
-0.148 1.327 1
-0.325 3.296 1
0.335 2.205 1
-0.059 2.812 1
0.671 0.897 1
0.186 3.454 1
-1.208 1.871 1
0.351 3.346 1
-0.217 2.572 1
0.673 1.854 1
1.019 2.169 1
-0.159 3.200 1
-0.009 2.246 1
0.658 5.413 1
-0.495 1.442 1
0.625 2.856 1
1.240 1.497 1
0.492 1.689 1
-0.100 3.950 1
-3.411 -1.249 -1
-4.606 -4.722 -1
-1.473 -2.091 -1
-1.748 -4.017 -1
-1.491 -3.447 -1
-2.581 -2.201 -1
-3.140 -4.556 -1
-1.585 -4.902 -1
-3.223 -2.912 -1
-1.449 -1.367 -1
-1.146 -3.914 -1
-2.087 -3.038 -1
-1.068 -2.391 -1
-2.224 -3.680 -1
-1.843 -2.745 -1
-3.790 -3.884 -1
-1.244 -3.610 -1
-3.723 -3.281 -1
-3.305 -2.877 -1
-2.194 -3.736 -1
-2.931 -4.763 -1
-0.403 -1.730 -1
-3.408 -4.028 -1
-1.657 -1.838 -1
-2.173 -2.819 -1
-1.102 -3.094 -1
-2.147 -1.338 -1
-4.257 -2.980 -1
-1.656 -2.289 -1
-0.659 -3.055 -1
-2.205 -3.536 -1
-4.343 -4.448 -1
-3.368 -3.990 -1
-2.817 -2.566 -1
-1.575 -3.673 -1
-0.994 -1.792 -1
-0.449 -3.752 -1
-0.705 -2.617 -1
-2.178 -5.425 -1
-1.099 -2.580 -1
-2.153 -3.549 -1
-1.469 -1.366 -1
-1.994 -1.982 -1
-2.729 -2.213 -1
-2.463 -2.366 -1
-2.246 -2.941 -1
-1.231 -2.944 -1
0.199 -1.160 -1
-0.591 -3.523 -1
-1.830 -3.484 -1
-2.537 -2.482 -1
-3.305 -4.571 -1
-3.249 -3.353 -1
-3.288 -2.917 -1
-1.668 -1.911 -1
-1.218 -3.622 -1
-1.632 -3.630 -1
-1.487 -2.297 -1
-1.071 -4.049 -1
-1.026 -4.420 -1
-2.888 -2.548 -1
-4.205 -2.447 -1
-1.633 -3.253 -1
-3.498 -3.025 -1
-2.143 -3.726 -1
-0.568 -2.560 -1
-1.957 -3.378 -1
-0.270 -3.683 -1
0.282 -0.961 -1
-2.896 -3.628 -1
-1.448 -3.566 -1
-4.745 -2.806 -1
-3.340 -3.675 -1
-2.383 -2.886 -1
-2.220 -4.023 -1
-1.749 -2.122 -1
-1.474 -1.424 -1
-1.953 -3.637 -1
-1.427 -4.299 -1
-0.920 -3.080 -1
-2.669 -3.769 -1
-1.622 -1.473 -1
-2.037 -4.996 -1
-2.225 -2.300 -1
-1.937 -2.937 -1
-1.226 -3.239 -1
-2.855 -2.148 -1
-1.819 -2.791 -1
-1.294 -1.969 -1
-3.111 -3.109 -1
-1.401 -1.992 -1
-1.290 -3.009 -1
-1.423 -3.555 -1
-2.420 -3.761 -1
-3.312 -2.582 -1
-1.173 -2.506 -1
-1.673 -2.789 -1
-0.588 -2.767 -1
-1.116 -2.655 -1
-1.845 -0.588 -1
-3.087 -2.630 -1
-2.547 -2.151 -1
-3.119 -2.696 -1
-2.796 -2.264 -1
-1.844 -1.044 -1
-3.138 -1.997 -1
-1.997 -3.555 -1
-2.804 -1.344 -1
-1.290 -3.245 -1
-3.315 -2.767 -1
-2.410 -4.521 -1
-1.759 -2.524 -1
-0.225 -3.105 -1
-1.040 -2.324 -1
-2.719 -2.975 -1
-1.249 -5.455 -1
-1.869 -2.202 -1
-3.536 -4.029 -1
-1.812 -2.455 -1
-1.190 -3.403 -1
-2.713 -2.995 -1
-3.142 -2.818 -1
-3.696 -4.170 -1
-1.297 -3.455 -1
-3.159 -3.857 -1
-0.466 -3.720 -1
-0.658 -4.988 -1
-1.593 -2.143 -1
-1.197 -2.815 -1
-1.745 -4.939 -1
-2.795 -1.389 -1
-1.149 -1.964 -1
-0.803 -1.614 -1
-0.369 -2.921 -1
-3.841 -2.174 -1
-1.719 -3.228 -1
-2.144 -3.547 -1
-2.330 -2.605 -1
-2.213 -2.547 -1
-1.734 -2.230 -1
-2.822 -4.304 -1
-2.740 -5.583 -1
-1.316 -0.964 -1
-1.258 -3.998 -1
-1.626 -3.065 -1
-0.502 -2.155 -1
-2.067 -3.581 -1
-0.188 -3.056 -1
-2.271 -2.088 -1
-1.684 -4.389 -1
-2.169 -2.913 -1
-1.763 -2.635 -1
-1.574 -3.424 -1
-2.367 -3.064 -1
-1.548 -1.961 -1
-1.373 -2.387 -1
-2.555 -2.016 -1
-2.123 -3.369 -1
-2.346 -1.589 -1
-3.789 -3.453 -1
-1.271 -2.741 -1
-3.801 -3.244 -1
-3.335 -2.275 -1
-0.676 -3.668 -1
-1.119 -3.184 -1
-1.397 -0.571 -1
-0.702 -3.992 -1
-2.103 -3.026 -1
-2.314 -2.986 -1
-2.544 -3.473 -1
-3.035 -1.675 -1
-4.259 -2.667 -1
-3.382 -3.270 -1
-2.394 -3.962 -1
-1.903 -2.350 -1
-0.671 -2.860 -1
-2.986 -2.916 -1
-2.673 -4.324 -1
-3.409 -2.353 -1
-2.161 -2.320 -1
-1.573 -2.469 -1
-0.741 -3.933 -1
-4.244 -2.480 -1
-1.257 -4.198 -1
-1.224 -2.754 -1
-2.988 -1.455 -1
-3.326 -4.819 -1
-4.563 -4.551 -1
-0.826 -2.823 -1
-2.009 -3.922 -1
-1.471 -5.022 -1
-1.609 -3.052 -1
-3.544 -0.888 -1
-4.633 -3.904 -1
-2.801 -4.413 -1
-3.565 -1.477 -1
-3.579 -3.508 -1
-0.989 -4.206 -1
-1.375 -3.022 -1
-3.344 -4.527 -1
-3.113 -3.376 -1
-2.987 -4.549 -1
-2.821 -4.608 -1
-1.273 -3.697 -1
-2.085 -2.398 -1
-2.413 -2.271 -1
-1.852 -3.440 -1
-1.041 -3.210 -1
-1.755 -3.863 -1
-1.095 -1.597 -1
-1.643 -3.233 -1
-1.311 -4.291 -1
-3.425 -1.053 -1
-1.111 -3.559 -1
-2.279 -1.368 -1
-0.591 -1.492 -1
-1.257 -1.734 -1
-2.111 -3.254 -1
-0.412 -2.494 -1
-1.557 -2.674 -1
-2.364 -3.465 -1
-3.717 -1.782 -1
-1.507 -5.425 -1
-3.233 -3.155 -1
-2.155 -1.624 -1
-3.350 -2.778 -1
-3.211 -3.622 -1
-0.887 -2.447 -1
-1.800 -1.730 -1
-2.629 -2.430 -1
-2.245 -2.951 -1
-2.947 -4.717 -1
-2.590 -3.158 -1
-0.851 -3.394 -1
-3.651 -3.030 -1
0.758 -3.502 -1
-2.143 -4.079 -1
-2.160 -2.629 -1
-3.068 -1.420 -1
-3.409 -4.480 -1
-2.833 -3.286 -1
-1.036 -3.366 -1
-1.165 -1.920 -1
-1.711 -3.305 -1
-1.037 -3.083 -1
-2.915 -3.409 -1
-1.076 -4.060 -1
-0.996 -1.928 -1
-1.473 -2.273 -1
-1.434 -2.524 -1
-2.572 -3.469 -1
-2.166 -1.113 -1
-1.061 -4.419 -1
-2.226 -2.934 -1
-2.751 -3.334 -1
-1.813 -2.933 -1
-3.222 -0.718 -1
-1.059 -4.992 -1
-1.506 -2.819 -1
-2.120 -4.546 -1
0.080 -2.793 -1
-2.197 -2.528 -1
-2.803 -3.947 -1
-2.371 -2.237 -1
-1.449 -1.644 -1
-3.265 -3.148 -1
-1.231 -3.570 -1
-1.210 -4.732 -1
-0.489 -1.678 -1
-0.959 -4.076 -1
-1.992 -3.541 -1
-1.036 -3.261 -1
-3.773 -1.727 -1
-0.740 -3.098 -1
-1.684 -1.374 -1
-0.720 -3.820 -1
-2.455 -4.104 -1
-1.343 -2.961 -1
-1.364 -2.709 -1
0.301 -1.859 -1
-3.018 -2.412 -1
-1.422 -2.288 -1
-1.127 -3.083 -1
-1.884 -3.198 -1
-1.813 -1.942 -1
-1.403 -2.193 -1
-0.543 -3.224 -1
-1.860 -4.873 -1
-2.976 -3.682 -1
-2.960 -1.582 -1
-1.285 -2.456 -1
-4.377 -1.816 -1
-3.277 -3.876 -1
-1.928 -2.807 -1
-1.462 -3.214 -1
-1.946 -4.017 -1
-1.731 -4.780 -1
-0.485 -3.218 -1
-2.329 -2.774 -1
-1.694 -2.811 -1
-2.982 -2.629 -1
-1.509 -3.756 -1
-1.249 -2.668 -1
-0.308 -1.213 -1
-1.234 -4.354 -1
-1.909 -2.531 -1
-1.757 -1.514 -1
-3.218 -3.006 -1
-2.487 -3.389 -1
-2.439 -1.459 -1
-3.241 -1.048 -1
-1.958 -4.099 -1
-1.825 -3.903 -1
-2.193 -2.891 -1
-1.183 -2.345 -1
-1.084 -4.271 -1
-3.250 -2.221 -1
-3.275 -1.752 -1
-1.453 -2.245 -1
-1.744 -2.657 -1
-0.247 -1.687 -1
-2.533 -2.676 -1
-2.479 -1.874 -1
-1.530 -2.884 -1
-2.110 -3.793 -1
-1.990 -1.991 -1
-0.677 -2.492 -1
0.009 -2.249 -1
-2.791 -2.529 -1
-1.834 -1.931 -1
-2.212 -2.368 -1
-0.599 -3.208 -1
-1.960 -2.645 -1
-0.908 -2.833 -1
-3.045 -2.505 -1
-1.244 -3.823 -1
-0.953 -3.639 -1
-1.759 -2.293 -1
0.286 -4.499 -1
-0.462 -3.406 -1
-1.860 -3.333 -1
-2.078 -1.158 -1
-1.021 -5.472 -1
-1.806 -4.400 -1
-0.863 -2.298 -1
-1.111 -1.823 -1
-3.168 -3.510 -1
-1.678 -1.383 -1
-2.206 -2.516 -1
-2.664 -3.201 -1
-1.412 -3.027 -1
-0.373 -2.972 -1
-2.440 -3.332 -1
-1.213 -3.969 -1
-0.546 -2.869 -1
-1.910 -1.649 -1
-1.165 -3.783 -1
-1.761 -3.983 -1
-0.646 -2.516 -1
-0.137 -5.330 -1
-0.567 -3.715 -1
-1.291 -1.841 -1
-2.505 -3.500 -1
-3.004 -1.284 -1
-0.850 -2.435 -1
-4.354 -2.520 -1
-2.625 -3.260 -1
-1.874 -4.258 -1
-2.737 -3.429 -1
-3.163 -2.378 -1
-1.317 -4.251 -1
-1.782 -2.215 -1
-0.463 -2.909 -1
-3.176 -2.519 -1
-2.649 -1.633 -1
-1.619 -3.357 -1
-2.354 -3.622 -1
-0.544 -2.324 -1
-3.146 -2.538 -1
-1.276 -1.835 -1
-1.443 -2.925 -1
-3.282 -2.520 -1
-1.783 -2.735 -1
-0.985 -3.551 -1
-3.477 -2.415 -1
-2.926 -2.635 -1
0.136 -1.518 -1
-2.670 -1.451 -1
-1.535 -2.615 -1
-2.443 -2.293 -1
-2.636 -3.609 -1
-2.551 -2.303 -1
-3.138 -3.900 -1
-3.866 -2.482 -1
-1.098 -2.681 -1
-3.017 -2.141 -1
-3.222 -3.456 -1
-2.056 -3.524 -1
-1.783 -2.004 -1
-1.528 -1.989 -1
-2.350 -3.487 -1
-2.990 -3.511 -1
-2.311 -2.431 -1
-3.359 -4.799 -1
-2.804 -1.754 -1
-2.021 -2.817 -1
-3.821 -2.305 -1
-1.467 -1.283 -1
-1.471 -2.304 -1
-3.234 -2.262 -1
-0.888 -1.336 -1
-2.027 -4.127 -1
-4.180 -2.311 -1
-1.111 -4.336 -1
-0.915 -3.858 -1
-0.983 -3.254 -1
-1.890 -2.834 -1
-1.056 -3.685 -1
-0.944 -3.121 -1
-0.274 -2.786 -1
-4.256 -1.389 -1
-2.764 -2.378 -1
-1.533 -4.383 -1
-1.317 -2.204 -1
-2.064 -2.560 -1
-2.021 -3.053 -1
-2.087 -2.174 -1
-1.496 -3.209 -1
-2.243 -2.957 -1
-1.698 -3.297 -1
-2.213 -3.036 -1
0.029 -2.953 -1
-0.696 -1.993 -1
-1.495 -3.460 -1
-2.036 -3.558 -1
-0.525 -2.136 -1
-1.693 -1.973 -1
-2.286 -4.871 -1
-2.058 -2.046 -1
-2.786 -3.514 -1
-1.911 -3.957 -1
-3.863 -4.182 -1
-2.321 -3.754 -1
-1.654 -1.385 -1
-1.254 -0.691 -1
-1.248 -2.320 -1
-2.432 -2.699 -1
-3.747 -2.998 -1
-3.708 -3.143 -1
-0.260 -1.116 -1
-1.670 -2.369 -1
-2.341 -2.786 -1
-3.147 -3.672 -1
-1.338 -2.952 -1
-2.038 -2.548 -1
-2.873 -2.797 -1
-2.518 -4.133 -1
0.065 -3.325 -1
-1.303 -3.966 -1
-1.070 -3.630 -1
-2.193 -2.391 -1
-3.212 -3.907 -1
-0.829 -3.464 -1
-2.100 -1.427 -1
-1.029 -3.052 -1
-3.932 -1.779 -1
-2.486 -4.099 -1
-2.071 -1.738 -1
-1.849 -2.901 -1
-3.154 -3.217 -1
-2.030 -0.648 -1
-1.124 -3.068 -1
-3.378 -3.119 -1
-0.363 -4.658 -1
-2.454 -2.833 -1
-3.113 -2.753 -1
-3.677 -4.146 -1
-1.557 -4.488 -1
-0.513 -3.292 -1
-2.867 -3.058 -1
-3.544 -1.515 -1
-3.990 -3.511 -1
-0.900 -2.967 -1
-1.537 -2.583 -1
-2.496 -3.072 -1
-3.208 -3.759 -1
-3.506 -2.231 -1
-1.955 -3.415 -1
-1.603 -3.377 -1
-4.041 -3.768 -1
-1.884 -3.529 -1
-1.936 -4.759 -1
-1.761 -1.987 -1
-2.659 -4.541 -1
-3.076 -2.984 -1
-3.107 -2.738 -1
-1.613 -4.643 -1
-2.303 -3.700 -1
-3.058 -1.551 -1
-3.156 -3.328 -1
-3.231 -5.249 -1
-3.011 -3.413 -1
0.103 -2.066 -1
-2.776 -3.564 -1
-1.286 -5.275 -1
-3.523 -2.831 -1
-3.056 -4.159 -1
-4.080 -4.652 -1
-1.019 -3.539 -1
-1.775 -3.372 -1
-2.716 -3.707 -1
-2.186 -4.105 -1
-1.681 -2.304 -1
-1.538 -3.472 -1
-2.146 -2.327 -1
-1.827 -4.226 -1
-1.890 -3.251 -1
-0.637 -3.915 -1
-3.638 -3.457 -1
-0.742 -2.601 -1
-2.170 -2.169 -1
-1.635 -1.142 -1
-2.727 -3.101 -1
-0.251 -3.844 -1
-2.823 -0.961 -1
-0.253 -1.857 -1
-2.694 -3.233 -1
-3.737 -2.134 -1
-1.058 -2.234 -1
-2.493 -3.332 -1
-1.356 -3.719 -1
-1.525 -3.337 -1
-2.564 -3.029 -1
-1.783 -1.273 -1
-3.037 -0.955 -1
-2.071 -2.314 -1
-0.052 -4.181 -1
-2.681 -2.770 -1
-2.274 -3.199 -1
-1.309 -3.876 -1
-0.130 -3.397 -1
-1.900 -1.332 -1
-0.297 -2.117 -1
-3.208 -3.093 -1
-2.555 -3.734 -1
-2.198 -3.745 -1
-1.813 -3.336 -1
0.206 -2.335 -1
-2.066 -3.876 -1
-1.159 -3.865 -1
-2.104 -3.098 -1
-1.849 -1.372 -1
-3.174 -1.975 -1
-1.269 -4.076 -1
-0.855 -2.324 -1
-2.256 -3.896 -1
-4.293 -3.044 -1
-3.523 -4.090 -1
-3.815 -2.412 -1
-1.945 -4.336 -1
-2.487 -3.058 -1
-2.285 -2.774 -1
-1.827 -4.069 -1
-1.320 -4.148 -1
-1.088 -2.401 -1
-2.609 -2.911 -1
-3.184 -3.987 -1
-2.998 -2.902 -1
-1.840 -3.754 -1
-1.379 -4.390 -1
-1.407 -3.783 -1
-2.740 -3.190 -1
-1.606 -2.762 -1
-0.851 -3.281 -1
-0.994 -1.450 -1
-1.260 -2.344 -1
-3.322 -2.531 -1
-0.910 -2.816 -1
-1.552 -1.865 -1
-1.929 -0.657 -1
-1.668 -4.098 -1
-1.417 -2.478 -1
-1.030 -2.469 -1
-2.000 -2.389 -1
-1.549 -3.676 -1
-3.089 -2.435 -1
-0.996 -3.544 -1
-1.332 -3.782 -1
-2.755 -1.970 -1
-4.802 -1.882 -1
-1.349 -2.172 -1
-2.418 -1.881 -1
0.666 -3.584 -1
-1.951 -1.356 -1
-1.552 -2.703 -1
-2.512 -2.532 -1
-0.721 -3.792 -1
-2.768 -4.415 -1
-2.237 -2.427 -1
-1.197 -4.506 -1
-1.574 -2.675 -1
-3.031 -3.692 -1
-0.888 -2.369 -1
-2.014 -3.632 -1
-1.776 -3.142 -1
-3.173 -2.921 -1
-1.619 -2.055 -1
-2.381 -2.708 -1
-2.581 -3.477 -1
-1.467 -0.763 -1
-3.788 -3.052 -1
-2.423 -3.293 -1
-1.654 -3.647 -1
-2.494 -4.082 -1
-2.391 -3.364 -1
-0.856 -2.303 -1
-3.912 -3.078 -1
-1.117 -1.986 -1
-3.008 -2.128 -1
-2.084 -3.284 -1
-2.177 -2.950 -1
-1.719 -3.219 -1
-4.543 -3.180 -1
-1.203 -4.413 -1
-1.947 -2.353 -1
-0.988 -4.258 -1
-2.002 -2.216 -1
-4.535 -3.209 -1
-2.726 -3.697 -1
-2.463 -3.248 -1
-2.842 -1.637 -1
-2.661 -3.958 -1
-3.437 -5.003 -1
-1.848 -3.590 -1
-1.039 -4.508 -1
-2.688 -3.046 -1
-1.308 -3.353 -1
-3.499 -6.060 -1
-2.591 -2.217 -1
-0.369 -2.076 -1
-1.025 -2.201 -1
-1.235 -3.896 -1
-1.221 -2.595 -1
-1.749 -2.518 -1
-0.824 -2.821 -1
-2.166 -1.772 -1
-2.211 -3.339 -1
-1.839 -2.434 -1
-2.238 -1.777 -1
-1.920 -2.046 -1
-0.783 -2.897 -1
-3.025 -2.950 -1
-1.524 -0.457 -1
-1.839 -4.584 -1
-1.731 -2.206 -1
-1.801 -4.018 -1
-4.227 -4.187 -1
-2.151 -2.899 -1
-1.864 -2.438 -1
-2.893 -4.009 -1
-3.587 -2.002 -1
-2.970 -3.429 -1
-2.537 -2.551 -1
-3.194 -2.733 -1
-2.538 -2.643 -1
-2.747 -4.657 -1
-2.813 -4.247 -1
-2.526 -3.984 -1
-3.069 -2.446 -1
-1.038 -1.860 -1
-1.974 -3.567 -1
-1.818 -4.085 -1
-1.640 -4.657 -1
-3.008 -1.995 -1
-2.286 -4.164 -1
-2.422 -1.431 -1
-0.841 -3.112 -1
-0.824 -4.491 -1
-0.294 -3.147 -1
-3.662 -4.961 -1
-0.507 -1.740 -1
-3.565 -2.995 -1
-3.075 -4.236 -1
-1.564 -2.056 -1
-2.200 -3.834 -1
-0.042 -3.086 -1
-3.446 -1.208 -1
-0.600 -2.426 -1
-1.999 -2.990 -1
-2.498 -2.602 -1
-2.631 -1.101 -1
-0.617 -1.829 -1
-2.673 -4.584 -1
-2.406 -3.014 -1
-2.935 -1.852 -1
-1.765 -2.131 -1
-2.315 -5.001 -1
-2.497 -2.057 -1
-0.663 -1.450 -1
-0.776 -2.029 -1
-2.164 -2.089 -1
-3.184 -4.079 -1
-1.451 -3.119 -1
-1.559 -2.691 -1
-2.978 -2.630 -1
-1.620 -3.707 -1
-0.547 -2.975 -1
-1.515 -2.189 -1
-3.683 -2.295 -1
-2.698 -1.094 -1
-0.112 -3.369 -1
-1.788 -1.371 -1
-1.038 -3.725 -1
-3.330 -4.651 -1
-1.196 -2.832 -1
0.497 -2.340 -1
-1.936 -1.909 -1
-3.087 -2.405 -1
-1.276 -1.771 -1
-1.581 -3.391 -1
-3.042 -4.350 -1
-2.197 -3.638 -1
-0.595 -2.998 -1
-3.528 -1.848 -1
-2.891 -3.971 -1
-2.875 -3.094 -1
-1.818 -1.753 -1
-2.470 -2.726 -1
-0.391 -3.466 -1
-2.711 -3.602 -1
-3.536 -4.205 -1
-2.001 -2.010 -1
-1.682 -1.795 -1
-2.914 -2.086 -1
-2.669 -3.181 -1
-2.024 -4.354 -1
-1.919 -1.438 -1
-0.063 -1.024 -1
-2.364 -3.172 -1
-1.819 -3.547 -1
-4.018 -3.287 -1
-1.537 -2.693 -1
-2.932 -5.441 -1
-1.247 -2.918 -1
-3.553 -1.595 -1
-1.303 -2.969 -1
-2.502 -4.053 -1
-2.017 -3.283 -1
-0.847 -2.335 -1
-1.184 -3.994 -1
-1.380 -4.912 -1
-2.872 -2.986 -1
-1.745 -2.155 -1
-0.129 -3.452 -1
-2.320 -2.577 -1
-0.696 -1.955 -1
-4.956 -1.366 -1
-4.476 -0.513 -1
-3.489 -3.633 -1
-0.651 -3.734 -1
-2.358 -3.866 -1
-1.656 -4.635 -1
-3.026 -2.157 -1
-2.068 -3.788 -1
-1.807 -3.586 -1
-3.146 -2.801 -1
-0.503 -3.662 -1
-2.025 -2.846 -1
-2.036 -3.032 -1
-3.233 -1.819 -1
-1.593 -2.496 -1
-2.524 -2.246 -1
-0.598 -3.870 -1
-2.434 -2.351 -1
-2.693 -1.553 -1
-2.988 -3.190 -1
-2.297 -4.239 -1
-0.964 -2.677 -1
-1.445 -4.313 -1
-2.009 -1.524 -1
-3.490 -4.214 -1
-2.176 -3.163 -1
-1.080 -3.099 -1
-1.543 -3.960 -1
-3.018 -2.786 -1
-0.878 -2.482 -1
-2.005 -1.776 -1
-1.431 -4.193 -1
-1.048 -3.454 -1
-2.806 -2.748 -1
-1.477 -3.308 -1
-2.527 -2.934 -1
-1.084 -2.156 -1
-2.446 -2.899 -1
-0.577 -3.308 -1
-2.170 -3.299 -1
-0.821 -5.400 -1
-2.158 -3.946 -1
-1.805 -2.600 -1
-2.813 -3.405 -1
-2.881 -2.685 -1
-1.899 -4.210 -1
-2.654 -3.984 -1
-2.859 -2.874 -1
-2.015 -5.062 -1
-1.203 -4.807 -1
-0.672 -4.049 -1
-1.143 -1.471 -1
-1.051 -2.482 -1
-2.193 -2.066 -1
-1.621 -2.547 -1
-2.324 -2.099 -1
-1.899 -2.785 -1
-1.274 -4.089 -1
-2.754 -3.035 -1
-2.556 -3.734 -1
-2.284 -4.454 -1
-2.233 -2.239 -1
-1.666 -3.076 -1
-2.514 -4.054 -1
0.074 -3.640 -1
-1.388 -2.165 -1
-2.233 -1.458 -1
-3.096 -4.946 -1
-2.193 -2.676 -1
-3.500 -3.749 -1
-3.189 -2.083 -1
-2.769 -4.591 -1
-2.232 -4.347 -1
-2.656 -4.164 -1
-3.127 -2.749 -1
-2.207 -3.612 -1
-3.342 -3.520 -1
-0.506 -2.350 -1
-0.114 -3.502 -1
-2.672 -3.581 -1
-1.018 -2.399 -1
-1.092 -1.734 -1
-2.608 -4.004 -1
-1.924 -1.491 -1
-3.117 -3.076 -1
-1.589 -4.193 -1
-1.669 -3.571 -1
-2.475 -4.311 -1
-1.489 -3.344 -1
-0.281 -3.906 -1
-1.193 -3.252 -1
-1.771 -2.531 -1
-2.010 -2.845 -1
-1.457 -1.696 -1
-1.342 -2.647 -1
-0.870 -2.278 -1
-2.291 -3.456 -1
-1.463 -4.925 -1
-3.668 -3.428 -1
-3.120 -2.412 -1
-1.175 -1.731 -1
-2.943 -2.920 -1
-1.666 -3.949 -1
-3.318 -3.728 -1
-1.126 -3.389 -1
-1.453 -3.704 -1
-2.311 -3.743 -1
-2.747 -1.556 -1
-3.137 -5.501 -1
-2.396 -3.296 -1
-1.538 -2.191 -1
-1.516 -1.510 -1
-2.969 -4.474 -1
-3.459 -1.414 -1
-0.997 -1.948 -1
-1.658 -1.719 -1
-2.529 -5.739 -1
-1.569 -3.723 -1
-2.198 -3.446 -1
-2.680 -3.160 -1
0.210 -4.186 -1
-2.612 -0.732 -1
-1.727 -3.657 -1
-0.910 -4.466 -1
-1.647 -4.174 -1
-0.362 -2.336 -1
-1.619 -3.926 -1
-3.761 -2.587 -1
0.290 -1.511 -1
-2.044 -1.700 -1
-2.126 -2.983 -1
-3.503 -4.228 -1
-1.444 -5.469 -1
-0.978 -1.611 -1
-2.070 -2.905 -1
-0.644 -3.355 -1
-0.368 -2.620 -1
-1.164 -1.737 -1
-1.213 -3.780 -1
-1.811 -2.105 -1
-3.819 -2.738 -1
-2.975 -3.188 -1
-2.260 -4.072 -1
-3.151 -2.475 -1
-1.734 -3.007 -1
-1.824 -3.240 -1
-2.433 -3.596 -1
-1.612 -3.068 -1
-0.460 -3.712 -1
-2.663 -2.916 -1
-2.046 -2.658 -1
-2.897 -1.045 -1
-0.187 -3.230 -1
-2.668 -3.638 -1
-2.551 -2.297 -1
-1.207 -3.813 -1
-1.752 -3.118 -1
-3.193 -1.905 -1
-2.722 -1.530 -1
-0.557 -2.423 -1
-2.921 -5.196 -1
-0.449 -3.375 -1
-1.593 -2.054 -1
-3.668 -1.672 -1
-1.432 -1.681 -1
-1.358 -4.370 -1
-2.637 -3.292 -1
-2.209 -3.892 -1
-2.808 -5.081 -1
-2.447 -2.263 -1
-2.233 -2.326 -1
-3.272 -2.716 -1
-1.594 -1.851 -1
-2.649 -4.919 -1
-2.263 -1.862 -1
-0.791 -1.462 -1
-1.548 -2.794 -1
-3.571 -3.710 -1
-2.021 -2.870 -1
-1.207 -3.489 -1
-1.975 -3.579 -1
-1.196 -2.956 -1
-2.788 -4.224 -1
-1.881 -3.325 -1
-0.851 -1.100 -1
-3.157 -3.591 -1
-1.025 -4.283 -1
-2.713 -4.197 -1
-2.717 -3.668 -1
-0.593 -1.851 -1
-2.840 -3.036 -1
0.310 -2.181 -1
-0.920 -1.865 -1
-1.583 -3.541 -1
-3.106 -4.603 -1
-3.231 -4.981 -1
-2.162 -2.347 -1
-4.153 -4.069 -1
-2.431 -3.491 -1
-2.367 -2.717 -1
-2.609 -2.347 -1
-2.581 -3.761 -1
-2.900 -3.793 -1
-4.181 -3.405 -1
-1.260 -1.356 -1
-3.641 -1.737 -1
-2.589 -4.250 -1
-1.777 -3.459 -1
-1.514 -2.498 -1
-0.885 -1.825 -1
-0.551 -2.357 -1
-2.322 -2.959 -1
-0.615 -2.251 -1
-1.343 -1.506 -1
-2.867 -2.890 -1
-1.826 -3.748 -1
-1.436 -2.176 -1
-0.564 -2.218 -1
-0.968 -3.292 -1
-1.272 -2.891 -1
-3.140 -2.929 -1
-2.684 -3.478 -1
-1.391 -2.687 -1
-1.231 -3.256 -1
-2.155 -2.329 -1
-1.677 -2.837 -1
-3.217 -4.662 -1
-2.381 -3.032 -1
-2.036 -4.047 -1
-1.890 -2.878 -1
-1.191 -2.533 -1
-0.452 -2.660 -1
-1.501 -2.167 -1
-1.590 -2.594 -1
-2.793 -3.344 -1
-1.966 -4.146 -1
-3.145 -3.934 -1
-2.899 -3.357 -1
-0.765 -3.494 -1
-3.265 -2.280 -1
-1.046 -2.569 -1
-0.543 -4.239 -1
-2.627 -1.088 -1
-2.719 -2.645 -1
